"id"	"S_q_7"	"S_p_9"	"S_e_10"	"S_o_11"	"S_r_13"	"S_q_14"	"S_n'_15"	"S_m_16"	"S_k_18"	"S_p_19"	"T_e_22"	"T_c_23"	"T_c_25"	"T_g_26"	"T_m_28"	"T_r_29"	"T_n'_30"	"T_a'_31"	"T_q_33"	"T_k_40"
"1"	"NC_035077.1.2991906.2991906"	100	92.6829268292683	NA	NA	NA	100	100	NA	100	100	83.9506172839506	79.6610169491525	92.8571428571429	78.1818181818182	72.4137931034483	93.1034482758621	73.6842105263158	65.1162790697674	94	44
"2"	"NC_035077.1.34796554.34796554"	100	100	100	100	NA	100	100	100	96.6666666666667	NA	92.3076923076923	65.3846153846154	97.7011494252874	69.5652173913043	100	66.6666666666667	82.3529411764706	94	57.8947368421053	87.8787878787879
"3"	"NC_035077.1.36141718.36141718"	77.2727272727273	100	86.6666666666667	71.4285714285714	NA	70.4545454545455	NA	NA	50	NA	NA	100	100	100	100	100	NA	NA	100	100
"4"	"NC_035077.1.39196843.39196843"	81.1023622047244	83.1081081081081	76.8844221105528	70.0854700854701	79.8245614035088	83.1223628691983	83.8709677419355	77.8242677824268	81.1926605504587	81.2154696132597	91.219512195122	86.0892388451444	90	95.1351351351351	94.0366972477064	86.1111111111111	97.972972972973	87.8787878787879	87.8504672897196	83.982683982684
"5"	"NC_035077.1.43284193.43284193"	NA	68.4210526315789	NA	70	NA	50	27.2727272727273	NA	NA	58.8235294117647	100	100	100	92.8571428571429	NA	NA	97.5609756097561	NA	100	100
"6"	"NC_035077.1.47354655.47354655"	0	52.9411764705882	NA	NA	NA	0	0	0	38.8888888888889	NA	100	68.75	51.6129032258064	68.75	55	83.3333333333333	NA	NA	20	100
"7"	"NC_035077.1.48932937.48932937"	100	100	96.4285714285714	100	NA	100	NA	100	NA	NA	100	100	80.327868852459	76.1194029850746	71.9298245614035	89.1304347826087	52.5	82.089552238806	100	71.4285714285714
"8"	"NC_035077.1.58515834.58515834"	100	100	100	NA	100	100	NA	100	100	100	68.4210526315789	79.6296296296296	73.6111111111111	75	NA	100	66.6666666666667	84.2105263157895	76.4705882352941	NA
"9"	"NC_035077.1.59552001.59552001"	100	100	NA	100	100	94.7368421052632	100	100	100	NA	70	92.6829268292683	92.1052631578947	94.7368421052632	83.3333333333333	67.6470588235294	74.1935483870968	85	100	63.6363636363636
"10"	"NC_035077.1.62798701.62798701"	0	6.66666666666667	NA	NA	0	13.6363636363636	NA	NA	0	NA	40	66.6666666666667	5	51.8518518518519	36.6666666666667	68.75	64.7058823529412	41.6666666666667	96.551724137931	52
"11"	"NC_035077.1.72382871.72382871"	100	100	NA	NA	NA	90.4761904761905	100	NA	100	100	74.4186046511628	72.7272727272727	80.1652892561983	61.5384615384615	100	95.9183673469388	64.4444444444444	79.6116504854369	73.6842105263158	NA
"12"	"NC_035077.1.84594043.84594043"	78.3582089552239	77.8947368421053	70.8333333333333	67.9245283018868	72.972972972973	83.969465648855	66.6666666666667	68.1818181818182	69.2913385826772	85.2941176470588	86.2068965517241	83.0578512396694	88.125	77.8409090909091	79.746835443038	83.8709677419355	82.1656050955414	84.2105263157895	85.1485148514851	88.268156424581
"13"	"NC_035078.1.4344931.4344931"	7.14285714285714	24.3243243243243	2.5	0	0	0	0	2.7027027027027	0	0	14.2857142857143	51.7241379310345	25.3333333333333	12.5	27.2727272727273	30.7692307692308	10	50	36.8421052631579	13.953488372093
"14"	"NC_035078.1.5173383.5173383"	NA	92.8571428571429	NA	NA	100	NA	100	96.2962962962963	NA	100	NA	NA	65.3846153846154	78.5714285714286	NA	NA	66.6666666666667	81.8181818181818	NA	44.4444444444444
"15"	"NC_035078.1.5705674.5705674"	82.3529411764706	84.5070422535211	67.5675675675676	68.4931506849315	66.1764705882353	57.8125	71.4285714285714	80.4878048780488	42.8571428571429	76.0869565217391	81.25	93.5897435897436	89.0625	92.7152317880795	87.2340425531915	94.6902654867257	83.1932773109244	84.6153846153846	89.5348837209302	82.6666666666667
"16"	"NC_035078.1.15852671.15852671"	NA	78.9473684210526	NA	100	100	100	100	100	NA	100	73.6842105263158	66.6666666666667	78.0821917808219	NA	79.1666666666667	45.2380952380952	70.5882352941177	84.7826086956522	73.3333333333333	81.1320754716981
"17"	"NC_035078.1.19265619.19265619"	92.3076923076923	100	NA	NA	100	100	100	100	NA	NA	46.6666666666667	NA	54.5454545454545	NA	NA	66.6666666666667	NA	90	NA	93.75
"18"	"NC_035078.1.32559595.32559595"	100	100	100	NA	NA	NA	100	100	100	NA	94.7368421052632	48.780487804878	70.3703703703704	63.1578947368421	72	NA	81.8181818181818	65.2173913043478	84.7826086956522	100
"19"	"NC_035078.1.33717270.33717270"	100	100	100	100	88.2352941176471	100	100	NA	100	100	92.1348314606742	100	73.6842105263158	92.5373134328358	71.6417910447761	63.5135135135135	79.5454545454545	88.2352941176471	75	72.4137931034483
"20"	"NC_035078.1.44094230.44094230"	89.6551724137931	91.8367346938775	56.5217391304348	58.974358974359	75.6756756756757	70.3703703703704	60	63.1578947368421	56.5217391304348	66.6666666666667	81.1320754716981	100	100	100	100	NA	NA	100	97.1428571428571	100
"21"	"NC_035078.1.45490677.45490677"	14.8936170212766	79.5918367346939	66.6666666666667	45.4545454545455	NA	100	75	NA	45	NA	NA	100	86.6666666666667	100	100	100	100	100	95.6521739130435	100
"22"	"NC_035078.1.67873168.67873168"	NA	100	100	100	NA	NA	100	100	100	NA	60.8695652173913	100	81.0344827586207	100	83.3333333333333	52.6315789473684	100	78.8461538461538	87.2727272727273	41.1764705882353
"23"	"NC_035078.1.70809343.70809343"	10	0	18.1818181818182	2.63157894736842	7.40740740740741	0	0	0	NA	NA	42.3076923076923	94.4444444444444	32.1428571428571	38.8888888888889	66.6666666666667	7.69230769230769	5	41.4634146341463	40.9090909090909	97.4358974358974
"24"	"NC_035078.1.72176787.72176787"	93.7062937062937	92.2535211267606	92.5	93.6170212765958	93.4782608695652	96.078431372549	96.1165048543689	93.8775510204082	86.3636363636364	95.1612903225806	65.7142857142857	67.6923076923077	84.7133757961783	88.8	89.873417721519	74.3589743589744	88.0597014925373	85.2941176470588	75	77.7777777777778
"25"	"NC_035078.1.73754445.73754445"	69.6969696969697	77.8350515463918	80.327868852459	58	70.4545454545455	56.3636363636364	50	79.4871794871795	73.5294117647059	NA	95.049504950495	90.2985074626866	84.1726618705036	94.1860465116279	NA	80.6122448979592	87.1794871794872	82.5688073394495	79.5918367346939	96.25
"26"	"NC_035078.1.77798532.77798532"	100	47.8260869565217	100	95.7446808510638	100	100	100	100	100	94.4444444444444	55.1020408163265	74.5762711864407	76.3440860215054	63.6363636363636	81.8181818181818	86.7924528301887	66.6666666666667	58.974358974359	52.9411764705882	75
"27"	"NC_035079.1.11803000.11803000"	73.3333333333333	66.6666666666667	NA	92.3076923076923	NA	NA	30.7692307692308	80.9523809523809	100	100	100	100	100	NA	100	NA	100	100	100	100
"28"	"NC_035079.1.21709321.21709321"	NA	98.3050847457627	NA	100	NA	100	NA	100	100	NA	72.7272727272727	65.3846153846154	68.0412371134021	75	NA	NA	66.6666666666667	NA	NA	72.7272727272727
"29"	"NC_035079.1.22110272.22110272"	100	NA	NA	NA	100	100	100	96.6666666666667	NA	NA	NA	52.7272727272727	95.8333333333333	74.468085106383	100	NA	44.4444444444444	82.6923076923077	80.8510638297872	75.8620689655172
"30"	"NC_035079.1.29669972.29669972"	94.4444444444444	100	NA	NA	NA	NA	100	100	100	NA	18.1818181818182	44.4444444444444	32.5	74.1935483870968	55	32.5	NA	18.9189189189189	38.4615384615385	57.1428571428571
"31"	"NC_035079.1.33916493.33916493"	100	100	100	100	NA	100	NA	100	100	NA	77	94.7368421052632	69.3333333333333	93.1818181818182	92.8571428571429	85.2941176470588	70.3703703703704	87.3239436619718	81.25	74.1935483870968
"32"	"NC_035079.1.35902673.35902673"	100	87.3563218390805	100	100	NA	NA	100	100	100	NA	61.2903225806452	62.962962962963	81.3333333333333	40	83.8709677419355	43.75	76.1904761904762	61.7647058823529	100	60.7142857142857
"33"	"NC_035079.1.37599177.37599177"	81.6326530612245	81.6326530612245	70.3703703703704	55.8823529411765	81.25	81.4814814814815	72.2222222222222	NA	55.5555555555556	100	100	85.7142857142857	90.2777777777778	100	100	100	100	100	98.6301369863014	100
"34"	"NC_035079.1.37901381.37901381"	82.1428571428571	82	85.1851851851852	78.5714285714286	88	78.3783783783784	72.5490196078431	73.9130434782609	83.3333333333333	100	75.4098360655738	51.4705882352941	67.96875	56	58.6206896551724	53.5211267605634	62.8205128205128	70.4225352112676	41.4285714285714	73.7704918032787
"35"	"NC_035079.1.38484936.38484936"	80.5555555555556	61.7647058823529	76.9230769230769	56.5217391304348	86.6666666666667	68.8524590163934	76.5432098765432	56.9230769230769	69.2307692307692	56.4102564102564	32.4324324324324	43.2835820895522	36.2962962962963	53.1468531468531	51.219512195122	40	39.7260273972603	59.4594594594595	27.5862068965517	33.3333333333333
"36"	"NC_035079.1.38957960.38957960"	61.2903225806452	93.5483870967742	35.7142857142857	65.2173913043478	NA	NA	81.8181818181818	88.4615384615385	NA	100	100	79.1666666666667	100	100	100	100	100	100	NA	100
"37"	"NC_035079.1.47205856.47205856"	48.5714285714286	80.8823529411765	NA	65.5172413793103	57.1428571428571	56.3636363636364	48.3333333333333	59.5238095238095	50.9090909090909	63.7931034482759	84.1584158415842	90	91.3793103448276	89.7196261682243	100	100	78.4313725490196	72.3577235772358	86.25	87.1794871794872
"38"	"NC_035079.1.51276251.51276251"	42.1052631578947	70	NA	64	NA	0	NA	25	100	57.8947368421053	100	NA	100	100	100	91.6666666666667	100	96.9230769230769	18.6046511627907	NA
"39"	"NC_035079.1.53415834.53415834"	28.5714285714286	100	NA	NA	72.7272727272727	NA	52.9411764705882	53.8461538461538	32	NA	NA	NA	84.8484848484848	100	100	NA	100	100	NA	NA
"40"	"NC_035079.1.54980280.54980280"	100	100	NA	NA	NA	NA	100	100	100	100	77.2727272727273	91.304347826087	100	100	84.6153846153846	79.3103448275862	100	97.4358974358974	51.3513513513514	42.8571428571429
"41"	"NC_035079.1.54987616.54987616"	100	100	100	100	NA	100	95.7446808510638	100	100	NA	87.5	24	85.7142857142857	100	NA	93.3333333333333	58.695652173913	67.5	80.8510638297872	92.4242424242424
"42"	"NC_035079.1.55046418.55046418"	64.5833333333333	68.4210526315789	NA	74.0740740740741	NA	NA	18.1818181818182	NA	21.9512195121951	NA	84.6153846153846	100	100	72.2222222222222	NA	33.3333333333333	100	100	100	100
"43"	"NC_035079.1.63579717.63579717"	91.1764705882353	100	100	100	100	100	100	NA	100	100	70.4545454545455	84.6153846153846	86.6666666666667	66.6666666666667	71.4285714285714	73.8095238095238	91.6666666666667	81.5789473684211	100	73.3333333333333
"44"	"NC_035079.1.67012407.67012407"	11.4942528735632	13.8157894736842	21.9512195121951	12.5	18.8118811881188	22.8571428571429	19.5652173913043	12.3076923076923	13.8888888888889	21.875	20.1754385964912	20.1117318435754	25	37.0967741935484	21.0526315789474	23.0337078651685	27.7372262773723	28.6713286713287	29.8507462686567	35.6521739130435
"45"	"NC_035079.1.67372670.67372670"	NA	89.3333333333333	80.9523809523809	66.6666666666667	64.7058823529412	72.4137931034483	100	33.3333333333333	100	NA	86.0655737704918	100	100	100	95.3488372093023	100	100	97.8947368421053	100	100
"46"	"NC_035079.1.79354325.79354325"	100	100	NA	100	93.2203389830509	100	95.4545454545455	100	100	NA	96.5909090909091	43.2432432432432	79.7101449275362	79.6116504854369	86.046511627907	67.3267326732673	75	86.9565217391304	92.3076923076923	80
"47"	"NC_035080.1.6675895.6675895"	100	NA	100	100	97.3684210526316	100	98.9130434782609	100	NA	NA	83.1460674157303	97.3913043478261	91.9431279620853	82.1917808219178	62.2950819672131	57.1428571428571	72.8571428571429	86.8852459016394	90.6542056074766	NA
"48"	"NC_035080.1.14662595.14662595"	75	54.7297297297297	51.3513513513514	61.1111111111111	75.5102040816327	63.6363636363636	52.1739130434783	81.4432989690722	61.744966442953	50.7936507936508	46.1038961038961	49.7041420118343	42.8571428571429	34.1463414634146	43.0769230769231	40.1408450704225	45.0704225352113	36.7875647668394	40.6593406593407	43.9393939393939
"49"	"NC_035080.1.14840254.14840254"	27.2727272727273	NA	76.9230769230769	NA	NA	NA	52.3809523809524	NA	87.5	61.5384615384615	100	88.2352941176471	100	82.3529411764706	100	NA	100	100	100	NA
"50"	"NC_035080.1.23435635.23435635"	NA	100	100	100	54.5454545454545	NA	50	NA	NA	40	100	NA	NA	100	100	100	100	NA	NA	100
"51"	"NC_035080.1.24407969.24407969"	52	8.57142857142857	56.5217391304348	33.9622641509434	25	37.9310344827586	37.9310344827586	38.5964912280702	33.3333333333333	20	56	72.7272727272727	50	46.3768115942029	51.2820512820513	57.8125	62.0689655172414	53.125	52.6315789473684	69.8412698412698
"52"	"NC_035080.1.27550286.27550286"	91.8367346938775	80.2721088435374	83.8383838383838	97.1428571428571	92.1052631578947	84.6153846153846	NA	96.2264150943396	82.1917808219178	88.5964912280702	71.0526315789474	64.8936170212766	73.9316239316239	86.0627177700348	77.8625954198473	62.1621621621622	38.8888888888889	66.8449197860963	60	76.6129032258064
"53"	"NC_035080.1.32459487.32459487"	NA	100	100	100	100	100	100	NA	NA	NA	NA	81.4814814814815	73.0769230769231	52.1739130434783	96	NA	NA	75	NA	NA
"54"	"NC_035080.1.34482970.34482970"	32.4324324324324	36.3636363636364	27.2727272727273	46.6666666666667	NA	15.3846153846154	20	NA	36.3636363636364	75	76	80.6451612903226	55.1724137931034	70.8333333333333	73.6842105263158	77.2727272727273	64.2857142857143	54.5454545454545	70	58.3333333333333
"55"	"NC_035080.1.36001788.36001788"	45.4545454545455	50	100	21.4285714285714	NA	NA	61.5384615384615	100	61.5384615384615	NA	100	100	100	100	NA	100	100	86.2068965517241	100	NA
"56"	"NC_035080.1.37558511.37558511"	100	100	100	NA	NA	100	100	NA	100	100	55.2631578947368	0	88.7323943661972	67.3469387755102	100	96.1538461538462	100	79.4871794871795	NA	NA
"57"	"NC_035080.1.41104932.41104932"	69.8795180722892	0	15	1.5625	3.57142857142857	31.25	1.72413793103448	25	0	0	52.2727272727273	35.1851851851852	37.8378378378378	69.3877551020408	44.9494949494949	62.8571428571429	75.5555555555556	28.7958115183246	85	38.9830508474576
"58"	"NC_035080.1.41889103.41889103"	100	5.66037735849057	56.25	0	NA	0	89.4736842105263	0	0	42.1052631578947	0	0	0.806451612903226	1.53846153846154	0	0	0	0	0	0
"59"	"NC_035080.1.44730113.44730113"	100	100	NA	82.9787234042553	100	100	NA	100	100	100	88.7755102040816	61.6666666666667	68.0555555555556	87.6712328767123	88.7323943661972	83.3333333333333	77.0833333333333	83.8709677419355	88.2352941176471	62.2222222222222
"60"	"NC_035080.1.45159390.45159390"	87.7551020408163	93.9759036144578	96.1538461538462	100	100	80.5555555555556	94.2857142857143	100	100	100	83.3333333333333	60.8695652173913	92.3076923076923	79.2452830188679	86.2068965517241	76	68.2539682539683	85.4166666666667	69.0909090909091	59.5744680851064
"61"	"NC_035080.1.50622731.50622731"	44.4444444444444	70.8333333333333	65.5172413793103	70	100	73.3333333333333	100	80.5555555555556	83.0188679245283	89.4736842105263	100	94.2307692307692	88.2352941176471	100	100	100	100	100	100	100
"62"	"NC_035080.1.61684097.61684097"	100	98.1481481481482	100	NA	NA	NA	NA	100	100	NA	100	72.7272727272727	82.1428571428571	78.7878787878788	62.962962962963	77.7777777777778	81.8181818181818	64	94.1176470588235	NA
"63"	"NC_035080.1.65389665.65389665"	100	100	100	100	NA	NA	NA	NA	100	NA	87.8787878787879	100	77.7777777777778	100	95.2380952380952	73.6842105263158	68.9655172413793	NA	71.4285714285714	25
"64"	"NC_035080.1.77478125.77478125"	NA	100	NA	100	NA	100	100	100	NA	100	87.1794871794872	100	74.468085106383	78.4313725490196	NA	79.4117647058823	86	89.2857142857143	76.9230769230769	30.7692307692308
"65"	"NC_035081.1.7465569.7465569"	0	0	NA	NA	0	0	0	0	0	0	2.857143	0	0	37.93103	0	0	32.85714	0	NA	100
"66"	"NC_035081.1.10420178.10420178"	100	100	100	100	NA	100	100	NA	100	NA	78.57143	72	84.12698	94.44444	54.54545	66.66667	100	56.25	NA	100
"67"	"NC_035081.1.12283506.12283506"	76.47059	76.59574	72.72727	100	NA	66.66667	63.33333	80	76.92308	NA	93.10345	94.87179	100	86.66667	92.30769	100	92.10526	81.25	94.44444	97.4359
"68"	"NC_035081.1.14108859.14108859"	97.69231	91.07143	93.81443	98.64865	88.32117	100	95.05495	82.2695	98.87006	82.03125	79.7546	73.18841	67.87565	83.06878	67.96117	65.80645	65.94595	81.81818	92.04545	88.20513
"69"	"NC_035081.1.14140117.14140117"	98.14815	93.10345	100	100	100	100	97.56098	100	100	91.66667	79.10448	87.83784	93.26923	84.48276	60	66.10169	92.59259	90	86.04651	69.76744
"70"	"NC_035081.1.15024412.15024412"	90	88.20513	91.30435	78.35052	80.39216	82.55814	88.03419	67.05882	71.9697	81.66667	67.30769	61.90476	69.97085	73.24841	70	57.06522	79.51807	58.92116	55.15152	65.51724
"71"	"NC_035081.1.22437979.22437979"	100	100	100	NA	NA	100	NA	100	100	NA	NA	NA	12.5	87.17949	72.22222	100	NA	62.5	94.44444	75
"72"	"NC_035081.1.22491194.22491194"	50	88.88889	NA	NA	NA	50	70	100	NA	NA	100	100	100	100	NA	93.75	NA	100	100	100
"73"	"NC_035081.1.27056501.27056501"	NA	NA	90.90909	83.33333	NA	NA	80	75	53.84615	NA	NA	100	100	100	NA	NA	NA	100	100	100
"74"	"NC_035081.1.28077462.28077462"	100	73.68421	11.76471	NA	NA	86.2069	100	4.166667	NA	NA	100	100	100	100	92.30769	NA	100	100	100	100
"75"	"NC_035081.1.38621631.38621631"	100	96.15385	100	100	100	88.23529	NA	100	100	100	64	90.90909	81.6092	68.75	83.33333	87.5	100	89.13043	63.63636	87.17949
"76"	"NC_035081.1.38678525.38678525"	90.90909	96.51163	77.27273	94.44444	NA	100	100	97.72727	100	86.66667	85.33333	75	83.80282	63.30275	57.37705	80.95238	84.61538	76.13636	47.5	43.58974
"77"	"NC_035081.1.38753170.38753170"	NA	0	NA	NA	NA	10	0	0	0	NA	6.896552	NA	15	21.42857	25	NA	NA	9.090909	NA	27.27273
"78"	"NC_035081.1.57221253.57221253"	78.26087	77.35849	86.2069	82.14286	54.54545	81.81818	76.92308	100	66.66667	100	100	100	98.52941	100	100	100	NA	91.37931	100	100
"79"	"NC_035081.1.57723381.57723381"	4	100	NA	NA	57.89474	100	100	100	100	NA	61.11111	0	20.27027	6.060606	96.15385	0	15.15152	53.06122	77.77778	27.77778
"80"	"NC_035081.1.58113873.58113873"	100	NA	100	100	100	100	NA	100	NA	NA	79.54545	69.69697	70	61.70213	89.79592	86.79245	67.85714	96.05263	80.55556	100
"81"	"NC_035081.1.69164129.69164129"	100	94.3662	100	84.84848	100	100	100	100	75	86.95652	88.88889	81.48148	89.15663	85.91549	46.34146	56.09756	57.14286	78.02198	72.91667	30.43478
"82"	"NC_035081.1.73886079.73886079"	94.73684	100	100	NA	NA	NA	100	100	NA	100	42.85714	NA	84.61538	88.46154	NA	44.44444	NA	52.08333	45.45455	NA
"83"	"NC_035081.1.81886314.81886314"	100	100	NA	100	100	100	100	100	100	100	100	92.30769	65.38462	100	74.35897	NA	80	95	59.45946	52.27273
"84"	"NC_035081.1.88412061.88412061"	NA	100	100	100	100	NA	100	NA	NA	NA	54.16667	89.28571	NA	NA	97.56098	41.66667	88	81.57895	100	61.53846
"85"	"NC_035082.1.6771795.6771795"	57.89474	83.01887	NA	100	38.46154	78.125	46.42857	NA	NA	100	100	100	100	100	NA	100	100	100	100	93.33333
"86"	"NC_035082.1.16394890.16394890"	22.22222	39.13043	32	NA	NA	NA	30.76923	0	53.33333	NA	NA	100	95.12195	NA	88.88889	86.66667	NA	100	NA	100
"87"	"NC_035082.1.31782581.31782581"	96.72131	100	100	NA	100	100	96.42857	100	NA	100	80.41237	50	82.35294	91.22807	72.5	75.80645	58.33333	91.22807	100	83.72093
"88"	"NC_035082.1.32372396.32372396"	23.33333	20.93023	33.87097	35.71429	20.58824	NA	39.18919	40.90909	44.11765	52	68.88889	47.77778	49.01961	81.25	78.94737	NA	55.78947	70.96774	81.96721	62.26415
"89"	"NC_035082.1.32514291.32514291"	94.3038	98.78049	89.79592	94.94949	100	84.375	91.72932	83.07692	98.82353	95.74468	77.84091	66.14173	81.09244	78.78788	58	90.90909	66.66667	66.08187	82.27848	81.96721
"90"	"NC_035082.1.40666601.40666601"	93.33333	89.47368	93.33333	100	64.28571	100	98.14815	NA	NA	100	60.37736	49.20635	90.08264	50	37.5	66.66667	26.31579	69.60784	79.03226	65.85366
"91"	"NC_035082.1.51103899.51103899"	100	100	100	100	100	NA	100	NA	100	100	63.82979	84.21053	93.75	81.48148	67.64706	54.16667	100	100	100	71.42857
"92"	"NC_035082.1.51808515.51808515"	100	100	100	NA	93.33333	NA	NA	100	100	NA	70.21277	NA	86.66667	61.90476	NA	65.625	NA	87.5	100	NA
"93"	"NC_035082.1.54442673.54442673"	100	100	100	NA	NA	NA	100	100	NA	100	43.47826	41.66667	98.33333	91.66667	82.22222	100	NA	78.26087	71.42857	84.78261
"94"	"NC_035082.1.55729463.55729463"	100	76.47059	NA	NA	NA	NA	90.90909	23.07692	8.333333	NA	100	NA	100	100	100	100	100	100	100	100
"95"	"NC_035082.1.59892919.59892919"	66.66667	82	85.33333	78.125	100	73.07692	69.44444	90.90909	75	75	72.05882	73.52941	63.2	37.2093	53.33333	70	40.38462	47.5	NA	29.72973
"96"	"NC_035082.1.60515467.60515467"	18.18182	59.42029	40	44.44444	58.06452	57.89474	54.23729	48.83721	45.16129	43.75	25	26.31579	27.77778	32.65306	36.61972	22.85714	21.875	40	34.48276	23.91304
"97"	"NC_035082.1.66889587.66889587"	100	100	100	NA	100	100	100	100	NA	100	100	NA	80.4878	NA	83.87097	NA	5.882353	NA	61.90476	96.42857
"98"	"NC_035083.1.13714459.13714459"	62.5	65.26316	41.26984	69.11765	39.18919	29.16667	53.125	30.61224	25.53191	57.74648	68.26923	80.43478	79.01235	69.33333	56.57895	76.33588	82.35294	82.35294	65	61.80556
"99"	"NC_035083.1.22186400.22186400"	NA	74	NA	63.63636	80	NA	NA	53.33333	100	NA	100	NA	90.78947	100	100	NA	100	100	100	NA
"100"	"NC_035083.1.29331772.29331772"	100	50	100	NA	NA	90	100	100	100	100	25	NA	60	58	68.51852	100	43.33333	67.64706	NA	0
"101"	"NC_035083.1.30506977.30506977"	43.75	77.58621	85	80.43478	62.16216	71.42857	87.5	84	88.33333	100	93.29268	88	93.67089	96.9697	98.21429	88.52459	98.50746	100	100	96.59091
"102"	"NC_035083.1.31155507.31155507"	100	100	NA	100	90.90909	100	100	95.83333	100	100	88.09524	50	86.95652	79.10448	76.92308	90.56604	82.6087	66.15385	83.05085	87.09677
"103"	"NC_035083.1.33149954.33149954"	60	53.125	41.66667	NA	48	40.74074	42.5	46.15385	23.33333	75	75.92593	76.31579	77.04918	72.09302	80	60.71429	70.96774	44.44444	78.57143	71.71717
"104"	"NC_035083.1.41012336.41012336"	82.14286	54.05405	77.77778	39.13043	29.62963	80	30.76923	72.72727	45.71429	28.88889	85.45455	100	97.26027	96	76.47059	78.37838	100	100	100	100
"105"	"NC_035083.1.47220892.47220892"	100	98.37398	98.8764	100	100	88.88889	100	91.79104	91.59664	84.61538	84.61538	87.13693	82.06278	82.72727	86.86131	84.44444	74.78992	86.66667	78.37838	87.23404
"106"	"NC_035083.1.51581784.51581784"	76.38889	87.30159	100	50	NA	73.33333	76.47059	NA	71.42857	NA	100	100	100	100	100	100	100	100	100	NA
"107"	"NC_035083.1.54335109.54335109"	100	100	40	NA	20	NA	68.75	NA	60	NA	100	98.4127	100	100	100	96.875	100	NA	NA	100
"108"	"NC_035083.1.56849282.56849282"	100	54.54545	92.85714	6.666667	60	100	77.41935	8.333333	45.45455	80.55556	80	100	100	77.38095	100	100	100	100	100	100
"109"	"NC_035083.1.57846659.57846659"	44.44444	76.92308	NA	68.18182	NA	73.80952	NA	NA	NA	100	100	100	95.65217	100	100	100	NA	NA	NA	100
"110"	"NC_035083.1.60561165.60561165"	75.80645	81.35593	75.82418	71.42857	57.89474	94.11765	96.15385	84.82759	78.31325	90.625	98.2659	92.13483	98.22485	100	95.37037	97.36842	97.03704	96.98795	88.50575	100
"111"	"NC_035083.1.63271286.63271286"	100	55	NA	NA	75	100	NA	NA	NA	26.66667	100	100	96.9697	100	100	NA	100	100	NA	100
"112"	"NC_035083.1.68483122.68483122"	93.24324	87.88927	88.61789	80.92486	96.92308	94.32624	95.78947	93.78531	93.7931	92.85714	78.97727	78.89908	77.92969	82.87462	84.93724	92.05298	83.98438	87.08134	90.78947	77.09497
"113"	"NC_035083.1.69488681.69488681"	100	100	NA	100	100	100	NA	100	100	100	65.51724	100	80.43478	NA	76	22.22222	100	77.77778	96.2963	88.23529
"114"	"NC_035083.1.71387092.71387092"	100	38.09524	33.33333	7.142857	NA	NA	NA	NA	46.875	NA	73.33333	100	100	100	100	97.2973	NA	100	NA	100
"115"	"NC_035084.1.153303.153303"	100	100	89.47368	NA	100	100	88.37209	95.65217	100	100	74.28571	55.55556	90.27778	82.45614	87.7551	91.80328	91.66667	86.11111	75	64
"116"	"NC_035084.1.1234066.1234066"	100	100	100	NA	100	NA	73.91304	100	100	100	38.88889	NA	57.89474	89.65517	62.85714	NA	35.71429	77.5	NA	100
"117"	"NC_035084.1.7166095.7166095"	38.46154	18.75	33.33333	31.57895	NA	21.42857	41.66667	NA	6.25	30	60.60606	82.14286	57.44681	56.66667	40	58.82353	64.51613	69.23077	63.33333	79.16667
"118"	"NC_035084.1.8855569.8855569"	100	100	100	100	NA	NA	100	NA	100	100	57.14286	93.67089	96.20253	90.90909	70	84.31373	96.15385	100	33.33333	76.47059
"119"	"NC_035084.1.12144200.12144200"	81.81818	56.79012	67.1875	44.15584	54.16667	76.92308	62.5	39.53488	80.95238	44.44444	18.98734	47.36842	40.11299	33.67347	14.7541	38.46154	20.96774	27.5	20	36.66667
"120"	"NC_035084.1.12530072.12530072"	NA	100	NA	NA	100	NA	100	100	100	100	100	81.13208	60.86957	NA	37.5	100	76.19048	80	NA	NA
"121"	"NC_035084.1.17842459.17842459"	NA	NA	97.14286	100	100	NA	70.96774	52.94118	94.33962	94.11765	NA	35.8209	26.76056	42.04545	34.72222	47.27273	52.17391	61	54.6875	26.86567
"122"	"NC_035084.1.20724030.20724030"	83.33333	84.375	90	100	NA	54.54545	32.35294	59.09091	72	37.5	100	100	100	94.11765	100	97.14286	95.2381	100	93.75	100
"123"	"NC_035084.1.37084692.37084692"	13.33333	66.66667	NA	NA	90.90909	NA	82.35294	68.18182	70	NA	92.30769	NA	100	NA	NA	100	92.30769	NA	NA	100
"124"	"NC_035084.1.44931699.44931699"	98	89.13043	100	87.87879	100	100	100	100	100	92.68293	87.03704	90	87.68116	79.36508	90.74074	68.75	90.16393	63.2	88.70968	79.06977
"125"	"NC_035084.1.47647301.47647301"	100	100	NA	100	NA	100	100	100	100	100	73.07692	94.11765	80.71429	58.97436	100	100	60	73.91304	76.47059	100
"126"	"NC_035084.1.51047321.51047321"	96.15385	100	100	100	100	100	100	100	100	100	93.9759	100	93.70079	84.31373	46.66667	100	100	87.5	62.66667	16.66667
"127"	"NC_035084.1.51488916.51488916"	100	100	NA	100	100	100	100	100	100	96.15385	93.10345	100	81.39535	100	86.66667	30	94.44444	35.29412	60	93.47826
"128"	"NC_035084.1.53672730.53672730"	85.18519	90	100	100	100	100	100	100	100	NA	87.5	40.74074	96.9697	0	50	74.4186	38.88889	65.38462	31.25	94.33962
"129"	"NC_035084.1.54497051.54497051"	53.33333	40	47.05882	36.66667	50	40	48.75	40.74074	58.33333	44.73684	58.92857	85.36585	87.87879	69.35484	76.05634	75	72.91667	69.84127	67.16418	57.64706
"130"	"NC_035084.1.59053955.59053955"	75.4386	63.72549	84.21053	62.7451	93.33333	66.66667	82.14286	68.85246	83.82353	84.05797	58.76289	61.1465	50.22831	74.35897	58.44156	59.45946	51.25	49.39759	46.15385	35.13514
"131"	"NC_035084.1.61756114.61756114"	66.66667	81.06061	52.94118	69.81132	58.33333	83.92857	57.47126	89.58333	81.81818	96.72131	94.33962	93.06931	89.23077	97.11538	92.55319	86.66667	95.65217	97.81022	82.71605	98.79518
"132"	"NC_035084.1.63513267.63513267"	94.11765	100	NA	100	NA	NA	NA	100	100	NA	83.33333	79.31034	64.64646	78.84615	92.85714	NA	100	100	63.15789	NA
"133"	"NC_035084.1.66049286.66049286"	6.666667	76.08696	80.95238	0	NA	NA	NA	NA	68.18182	NA	100	100	78	69.04762	100	94.28571	95	100	87.5	100
"134"	"NC_035084.1.77797253.77797253"	100	100	NA	100	96.77419	NA	100	100	100	NA	66.66667	NA	96.42857	86.95652	NA	43.75	NA	90	100	67.74194
"135"	"NC_035085.1.2469406.2469406"	NA	0	NA	0	NA	0	0	7.692308	NA	0	0	61.29032	56.94444	NA	20	NA	41.17647	27.77778	NA	NA
"136"	"NC_035085.1.6124176.6124176"	75.55556	79.06977	87.23404	72.5	83.33333	84.41558	81.86813	85.71429	74.39024	100	77.14286	59.85915	61.19403	67.36842	72.14286	63.7931	65.625	70.73171	73.28767	68.04124
"137"	"NC_035085.1.12824524.12824524"	NA	100	NA	41.66667	NA	75	NA	68.42105	53.57143	100	100	NA	100	100	100	NA	100	NA	100	NA
"138"	"NC_035085.1.17039332.17039332"	100	86.84211	100	100	NA	81.81818	97.14286	100	93.75	95	57.14286	77.77778	72.85714	84.21053	77.27273	69.23077	72.41379	83.33333	88.46154	85
"139"	"NC_035085.1.18902638.18902638"	51.74825	60.06006	67.9558	82.08092	60.10929	52.23881	46	63.90533	46	73.99103	31.89655	34.95146	40.02976	54.07098	38.01653	27.8481	33.10185	44.0613	47.88732	19.94681
"140"	"NC_035085.1.21605608.21605608"	23.52941	18.66667	6.666667	3.846154	7.407407	31.81818	22.95082	NA	34.14634	NA	29.6875	40	55.38462	56.19835	54.54545	50.9434	NA	42.16867	68.25397	86.44068
"141"	"NC_035085.1.22856128.22856128"	100	100	100	NA	NA	NA	100	100	NA	NA	69.56522	NA	43.24324	97.14286	100	42.85714	64.28571	87.09677	NA	91.30435
"142"	"NC_035085.1.24815302.24815302"	100	100	100	100	NA	100	100	NA	100	NA	64.28571	100	95.74468	NA	100	74.19355	35	51.72414	100	NA
"143"	"NC_035085.1.35172186.35172186"	NA	100	100	NA	100	NA	100	100	100	100	48.27586	NA	91.48936	14.28571	52.63158	90.90909	100	100	100	93.75
"144"	"NC_035085.1.36462085.36462085"	90.90909	71.42857	55.55556	NA	NA	NA	58.82353	NA	60	100	100	100	100	100	100	100	97.4359	98.18182	100	98.80952
"145"	"NC_035085.1.36807739.36807739"	100	100	100	100	100	100	97.95918	94.11765	86.27451	96.2963	66.66667	82	82.31293	75.60976	94.44444	56.66667	63.88889	73.33333	100	37.68116
"146"	"NC_035085.1.40112526.40112526"	86.04651	92.85714	100	NA	90	64.70588	68.88889	73.33333	75.86207	8.333333	100	100	100	93.68421	100	100	90.74074	100	100	100
"147"	"NC_035085.1.41865013.41865013"	100	100	NA	NA	NA	100	100	100	100	100	10	100	89.79592	42.85714	100	47.61905	68.51852	18.18182	63.63636	21.42857
"148"	"NC_035085.1.42376474.42376474"	100	75	92.85714	94.11765	NA	100	100	NA	98.21429	94.73684	81.08108	62.5	50.45045	60.34483	69.09091	81.25	75	88.09524	71.42857	57.57576
"149"	"NC_035085.1.46880663.46880663"	87.5	61.25	66.66667	57.14286	48.93617	64.19753	76.38889	68.33333	83.5443	86.44068	85.86957	94.2446	89.89899	84.81675	94.70199	78.7234	88.88889	95.3125	95.2381	95.15152
"150"	"NC_035085.1.50183650.50183650"	100	100	84.21053	NA	100	100	86.66667	96	NA	NA	83.72093	58.13953	75.88652	NA	79.66102	77.14286	81.08108	81.25	87.5	52
"151"	"NC_035085.1.50931824.50931824"	NA	100	90	100	NA	100	100	84.61538	100	NA	80.95238	71.42857	80	84.84848	67.74194	100	85.71429	70.83333	NA	68.29268
"152"	"NC_035085.1.52433763.52433763"	100	100	100	100	95.45455	NA	NA	100	100	100	62.5	75	61.66667	44.44444	91.66667	84.31373	100	94	77.27273	65.21739
"153"	"NC_035085.1.56829883.56829883"	NA	100	NA	95.91837	NA	NA	100	100	100	100	62.5	NA	NA	88.88889	54.54545	60.86957	NA	100	NA	NA
"154"	"NC_035086.1.10498404.10498404"	100	100	100	NA	100	100	100	NA	100	96.55172	100	93.87755	70.71429	70.58824	83.33333	73.4375	58	78.94737	75.86207	100
"155"	"NC_035086.1.12862182.12862182"	86.2069	75.67568	NA	NA	66.66667	75	68.75	96.9697	62.5	NA	94.87179	95.83333	92.15686	NA	100	100	100	100	100	100
"156"	"NC_035086.1.13311719.13311719"	100	91.42857	100	100	100	100	100	100	100	NA	57.69231	85.71429	75.92593	41.66667	100	73.68421	57.89474	83.63636	87.5	85.71429
"157"	"NC_035086.1.18709364.18709364"	100	100	100	NA	NA	100	98.55072	100	100	NA	91.83673	90.90909	60.33058	91	100	100	62.22222	80.55556	25	68.80734
"158"	"NC_035086.1.23774948.23774948"	94.23077	100	100	100	100	80	100	88.46154	97.14286	100	90	88.09524	69.56522	68.75	66.66667	79.16667	70.27027	88.46154	51.42857	89.28571
"159"	"NC_035086.1.25411974.25411974"	96.66667	NA	NA	100	NA	100	100	100	100	NA	78.57143	100	80.76923	81.25	75	70.83333	53.84615	93.75	NA	NA
"160"	"NC_035086.1.26203643.26203643"	86.66667	100	NA	100	100	100	100	100	100	NA	100	83.33333	81.13208	65.85366	72.22222	71.92982	35.71429	72.97297	65.45455	89.28571
"161"	"NC_035086.1.45145040.45145040"	84.61538	100	92.5	88.52459	83.05085	96.66667	92.85714	95.65217	94.44444	96.9697	87.09677	81.08108	79.7619	79.06977	80.76923	82.41758	79.38144	79.34783	85.58559	77.90698
"162"	"NC_035086.1.49242142.49242142"	84.44444	90.19608	87.5	96	NA	93.10345	93.93939	100	100	100	65.75342	65.625	87.17949	68.62745	77.27273	64.70588	83.67347	54.34783	71.79487	66.66667
"163"	"NC_035086.1.54988460.54988460"	98.11321	89.69072	NA	NA	100	100	100	96.2963	100	96.875	86.18421	66.66667	89.18919	93.54839	90.42553	71.18644	87.36842	73.01587	65.51724	68.42105
"164"	"NC_035086.1.60687625.60687625"	0	0	0	0	NA	NA	0	NA	0	NA	NA	4.761905	6.122449	0	28.57143	0	61.53846	0	14.28571	62.5
"165"	"NC_035086.1.63872889.63872889"	100	100	100	100	100	100	100	100	NA	100	87.77778	72.09302	93.81443	7.692308	91.66667	100	84.84848	53.125	NA	93.22034
"166"	"NC_035086.1.66493540.66493540"	100	100	100	NA	NA	100	100	NA	NA	NA	85.71429	100	84.375	75	76.19048	96.2963	70.73171	100	68.75	NA
"167"	"NC_035087.1.12526035.12526035"	94.44444	NA	NA	53.33333	64	69.69697	36.11111	NA	NA	NA	100	42.85714	100	100	NA	100	NA	100	95.2381	NA
"168"	"NC_035087.1.15909607.15909607"	100	100	100	100	100	100	100	100	100	100	60	68.75	60.71429	100	42.30769	75	95	76.74419	69.44444	100
"169"	"NC_035087.1.21223193.21223193"	94.73684	80.39216	45.83333	81.13208	74.07407	56.25	70	74.35897	72.72727	95	93.67089	79.72973	100	100	100	100	91.66667	100	97.95918	100
"170"	"NC_035087.1.26340081.26340081"	87.14286	64	64.51613	62.5	64.70588	82.43243	74.35897	74.4186	51.35135	NA	93.86503	85.04673	88.03828	79.20792	86.11111	95.14563	83.60656	93.08176	88.70968	86.2069
"171"	"NC_035087.1.26363511.26363511"	100	NA	NA	NA	NA	NA	100	100	100	100	100	83.87097	65.82278	100	41.66667	100	NA	71.42857	100	NA
"172"	"NC_035087.1.30237788.30237788"	100	92.20779	100	100	100	100	100	100	100	100	45.76271	74	100	85.10638	70.58824	100	70.96774	100	80	53.33333
"173"	"NC_035087.1.30296780.30296780"	100	100	85.71429	100	100	100	93.63636	100	100	90.09901	81.11111	73.26733	72.22222	86.60714	61.29032	93.06931	81.18812	90.98361	63.23529	78.33333
"174"	"NC_035087.1.37961468.37961468"	100	NA	NA	100	NA	NA	NA	100	100	100	80	91.66667	85.36585	100	100	73.33333	100	51.85185	48	NA
"175"	"NC_035087.1.38921075.38921075"	100	100	100	NA	NA	NA	100	NA	100	NA	38.88889	100	95.3125	66.66667	NA	69.23077	76.47059	96.42857	65	100
"176"	"NC_035087.1.39238495.39238495"	37.5	62.16216	52.77778	41.46341	51.92308	26.19048	49.01961	29.26829	55	55.17241	15.15152	20.58824	22.87582	7.352941	24	21.15385	4.166667	33.76623	18.91892	33.33333
"177"	"NC_035087.1.43892671.43892671"	100	100	NA	100	NA	100	100	100	NA	100	87.17949	100	92	40	95.2381	47.36842	94.11765	76.31579	100	60
"178"	"NC_035087.1.45218972.45218972"	36.73469	68.42105	50	61.53846	61.53846	52	48.10127	58.73016	55.42169	45.94595	95.2381	68.59504	63.90244	91.83673	84.93151	84.28571	98.55072	54.87805	96.875	82.6087
"179"	"NC_035087.1.51010569.51010569"	100	92.30769	100	100	NA	100	100	100	NA	100	90.69767	NA	80	65	65.21739	NA	58.06452	74.28571	73.68421	95.45455
"180"	"NC_035087.1.63244105.63244105"	90	NA	NA	66.66667	27.77778	31.25	NA	NA	63.33333	43.75	93.54839	NA	91.17647	NA	100	NA	100	100	93.54839	100
"181"	"NC_035087.1.63777276.63777276"	100	88.88889	100	100	100	70.37037	100	95.2381	100	100	59.7561	70.68966	80.24691	81.33333	75.75758	47.76119	55.38462	71.62162	95	53.48837
"182"	"NC_035087.1.71598880.71598880"	100	91.66667	70.58824	47.36842	84	57.14286	67.3913	54.23729	77.27273	NA	NA	100	85	100	96.875	100	100	100	98.63014	100
"183"	"NC_035087.1.76456296.76456296"	95.45455	100	100	100	96.2963	NA	100	95.83333	85.71429	100	84.21053	44.44444	66.66667	93.18182	89.65517	65.625	63.63636	71.42857	77.5	75.75758
"184"	"NC_035088.1.6379722.6379722"	100	100	NA	NA	93.75	NA	100	100	100	NA	70.58824	57.14286	83.33333	96	100	48.78049	92.85714	100	NA	64.28571
"185"	"NC_035088.1.14073623.14073623"	0	0	NA	NA	0	0	0	0	38.88889	NA	38.46154	8	26.82927	NA	18.75	65.21739	100	35.71429	NA	45.45455
"186"	"NC_035088.1.14992122.14992122"	67.3913	67.02128	61.90476	61.53846	80	72.85714	76.66667	64.86486	NA	79.16667	38.04348	34.93976	32.84672	37.2549	57.89474	37.23404	53.33333	30	29.23077	50
"187"	"NC_035088.1.18873606.18873606"	100	100	94.73684	NA	NA	76.19048	NA	100	100	NA	NA	83.33333	54.7619	68.18182	78.26087	54.54545	60	NA	NA	NA
"188"	"NC_035088.1.24238130.24238130"	100	100	NA	98	NA	NA	NA	100	100	NA	NA	70.83333	80.41237	NA	85	NA	NA	NA	56.81818	60.86957
"189"	"NC_035088.1.27069958.27069958"	87.7551	94.54545	94.11765	100	70.58824	68.35443	85.71429	88.23529	80.95238	88	59.67742	80.95238	67.32026	63.75	80.95238	69.81132	64.70588	69.76744	52.57732	51.11111
"190"	"NC_035088.1.32618328.32618328"	100	80.64516	100	100	NA	100	100	100	NA	100	57.89474	95.83333	53.48837	30.76923	7.142857	75	72.72727	71.21212	100	NA
"191"	"NC_035088.1.32798584.32798584"	98.50746	94.56522	97.4359	43.75	100	100	100	100	100	100	86.76471	77.41935	85.2349	56	76.92308	71.26437	76.47059	88.37209	67.92453	72.88136
"192"	"NC_035088.1.35148262.35148262"	NA	25.75758	NA	34.375	92.30769	100	NA	100	80.55556	35.29412	0	42.42424	36.36364	70	0	6.25	5	26.41509	5.769231	0
"193"	"NC_035088.1.36976576.36976576"	100	74.39024	100	91.30435	90.47619	100	100	100	100	86.84211	79.16667	57.62712	82.6087	81.91489	56.52174	69.87952	78.33333	75	72.83951	84.48276
"194"	"NC_035088.1.40399159.40399159"	69.35484	81.57895	NA	100	NA	59.09091	47.61905	NA	62.85714	NA	100	89.65517	98.50746	100	100	94.59459	97.05882	100	100	96
"195"	"NC_035088.1.49420410.49420410"	40	76.92308	100	NA	NA	100	NA	72.72727	50	NA	100	100	97.2973	100	100	NA	NA	100	100	NA
"196"	"NC_035088.1.54006610.54006610"	100	100	100	NA	100	NA	100	NA	NA	NA	73.33333	NA	75.80645	77.27273	50	50	74.4186	100	27.27273	71.42857
"197"	"NC_035088.1.57647986.57647986"	52.63158	50	71.42857	NA	NA	0	0	NA	0	NA	NA	80.95238	98.52941	100	NA	100	85	100	36.66667	100
"198"	"NC_035088.1.58691576.58691576"	80.76923	96.15385	NA	38.09524	8.333333	40.625	NA	NA	NA	NA	100	100	84.50704	100	100	100	96.66667	61.53846	100	97.4359
"199"	"NC_035088.1.60378919.60378919"	100	85.45455	100	100	100	92.98246	91.07143	100	100	100	83.33333	75.40984	78.32168	68.69565	67.5	90.625	86.95652	73.62637	80	78.57143
"200"	"NC_035088.1.64550239.64550239"	98.4127	100	78.37838	78.94737	100	100	97.14286	100	98.52941	100	82.75862	71.15385	83.81503	31.94444	74.64789	86.27451	76.36364	88.7218	78.94737	46.93878
"201"	"NC_035088.1.66641824.66641824"	84.93151	98.27586	96.2963	89.61039	100	100	97.82609	100	93.54839	100	69.89247	71.25	88.04348	83.72093	93.10345	96.2406	73.91304	76.03306	89.42308	86.17021
"202"	"NC_035088.1.69376435.69376435"	95.45455	98.33333	95.12195	96.9697	100	97.22222	95.45455	98.34711	92.85714	82.5	83.33333	86.15385	82.78146	90.90909	75	89.47368	78.94737	91.96429	NA	58.82353
"203"	"NC_035088.1.75482439.75482439"	77.27273	81.52174	82.5	93.75	42.85714	95	71.15385	87.27273	100	86.84211	28.16901	52.77778	53.80952	46	51.88679	43.75	40.83333	58.33333	63.54167	78.84615
"204"	"NC_035088.1.77757427.77757427"	100	NA	NA	51.72414	33.33333	87.5	NA	36.84211	67.64706	NA	100	100	100	100	68.42105	100	100	100	100	100
"205"	"NC_035089.1.332786.332786"	NA	100	NA	100	100	100	100	100	100	100	100	18.33333	46.42857	NA	97.56098	100	77.5	100	100	80
"206"	"NC_035089.1.16263161.16263161"	85.71429	100	84.21053	100	77.5	100	90	89.47368	95.34884	NA	50	52.27273	53.22581	55.6962	70.96774	75.86207	68.42105	92.53731	76.92308	76.19048
"207"	"NC_035089.1.17092862.17092862"	69.23077	NA	NA	91.66667	NA	100	100	90.47619	58.06452	NA	55	19.44444	38.59649	40.81633	52.38095	5.555556	35.29412	22.22222	27.27273	NA
"208"	"NC_035089.1.19965031.19965031"	100	80.76923	93.75	92	NA	100	77.14286	NA	100	92.85714	57.69231	77.77778	63.63636	67.56757	72.97297	67.56757	80.95238	71.69811	63.63636	64.70588
"209"	"NC_035089.1.21766862.21766862"	1.851852	6.707317	15.78947	13.27434	9.375	13.72549	15.09434	6.666667	9.090909	9.259259	17.64706	16.86047	34.04255	10.65574	31.07345	25.80645	32.72727	26.85185	34.84848	22.72727
"210"	"NC_035089.1.28333235.28333235"	59.18367	71.56863	88	69.23077	66.10169	82.45614	97.4026	68.75	76.81159	77.77778	60.75949	46.42857	41.93548	30.50847	38.29787	46.89655	79.03226	67.28972	36.73469	32.97872
"211"	"NC_035089.1.43739224.43739224"	100	97.56098	95.65217	NA	100	100	100	NA	100	NA	5.882353	64.28571	71.79487	60	77.14286	92.30769	71.42857	68.42105	53.33333	53.33333
"212"	"NC_035090.1.9046630.9046630"	78.94737	97.2973	66.66667	NA	60	NA	46.15385	50	93.75	NA	100	90.90909	95.2381	100	100	100	NA	100	100	100
"213"	"NC_035090.1.18638532.18638532"	100	100	100	100	100	100	NA	NA	100	100	85.71429	40	85	64	72.22222	87.09677	54.83871	100	84.81013	NA
"214"	"NC_035090.1.27843098.27843098"	100	100	NA	61.11111	100	100	NA	NA	NA	NA	52.94118	NA	57.69231	24.24242	56.25	45.83333	80.95238	59.09091	NA	9.090909
"215"	"NC_035090.1.30896884.30896884"	100	56.66667	100	95.2381	NA	93.75	95.83333	NA	100	100	42.30769	35.48387	46.47887	64.10256	53.33333	20	42.10526	65.07937	31.81818	64.28571
"216"	"NC_035090.1.30919795.30919795"	84.84848	74.05063	60.22727	63.63636	87.5	90.69767	78.43137	74.4186	67.92453	73.21429	44.6281	58.82353	59.18367	63.81579	53.19149	54.74453	58.19672	60.36036	63.95349	59.67742
"217"	"NC_035090.1.46335740.46335740"	100	NA	100	NA	100	100	100	100	NA	NA	64.28571	100	64	100	50	80	100	83.67347	91.66667	100
"218"	"NC_035090.1.46819511.46819511"	43.37349	46.21849	30.95238	44.44444	38.46154	62.35294	31.89655	17.46032	15.55556	22.95082	76.40449	58.55856	68.07229	43.85965	40.74074	58.94737	67.41573	70.19231	68.64407	52.88462
"219"	"NC_035090.1.51475970.51475970"	100	100	NA	NA	100	NA	NA	100	100	100	92.85714	33.33333	92.30769	100	37.77778	100	62.5	100	75	NA
"220"	"NC_035090.1.52550624.52550624"	NA	93.22034	100	96.2963	100	NA	100	98.61111	NA	NA	94.2029	83.97436	92.13483	81.57895	85.18519	NA	69.44444	86.61417	79.51807	81.81818
"221"	"NC_035090.1.54851698.54851698"	NA	57.14286	NA	67.5	NA	NA	82.35294	100	100	55	100	100	100	100	100	100	NA	NA	NA	100
"222"	"NC_035090.1.57807783.57807783"	100	100	100	100	96.875	100	100	100	100	91.66667	85.71429	100	69.10569	80.59701	67.74194	65.78947	98.18182	54.28571	62.5	46.66667
"223"	"NC_035090.1.59340919.59340919"	NA	85.71429	NA	100	100	100	100	100	NA	100	51.16279	41.66667	61.90476	73.68421	50	73.68421	68.18182	51.51515	41.66667	72
"224"	"NC_035090.1.73821925.73821925"	NA	82.69231	NA	NA	81.48148	74.35897	73.68421	71.42857	52.94118	100	NA	NA	98.79518	NA	97.26027	93.93939	NA	100	100	100
"225"	"NC_035090.1.73978545.73978545"	8.333333	25.92593	NA	16.66667	0	NA	17.24138	21.73913	0	0	82.5	52.63158	41.25874	52.17391	64.1791	72.88136	61.03896	27.77778	26.31579	62.26415
"226"	"NC_035091.1.3378340.3378340"	71.42857	100	68.57143	44.68085	92.30769	91.66667	96.42857	79.31034	58.82353	NA	100	100	91.25	100	100	100	100	100	100	100
"227"	"NC_035091.1.7666452.7666452"	54.16667	77.27273	40.625	35.48387	70	NA	45.45455	75	78.94737	58.82353	100	89.39394	93.18182	92	91.66667	100	76	90.32258	78.57143	100
"228"	"NC_035091.1.11310204.11310204"	95.77465	100	100	100	89.28571	100	NA	100	100	NA	72.09302	72.72727	83.72093	69.73684	96.42857	77.77778	NA	65.82278	100	46.66667
"229"	"NC_035091.1.11638782.11638782"	92.85714	79.16667	66.66667	NA	80.95238	NA	NA	NA	55.55556	75	100	100	98.14815	100	100	100	NA	100	NA	NA
"230"	"NC_035091.1.24992555.24992555"	92.59259	73.33333	71.42857	92.68293	82.35294	82.05128	94.54545	84.94624	91.46341	77.77778	68.88889	69.56522	77.15356	71.875	75	64.81481	NA	70.58824	66.37931	60.15625
"231"	"NC_035091.1.28172028.28172028"	31.81818	82.5	NA	1.515152	36.36364	90.90909	45.45455	NA	55.55556	NA	100	100	57.75862	100	100	100	76.92308	96	100	100
"232"	"NC_035091.1.30405720.30405720"	NA	100	100	100	100	NA	NA	100	NA	NA	68.18182	90.90909	57.14286	88.88889	NA	NA	88.09524	42.85714	NA	NA
"233"	"NC_035091.1.37951341.37951341"	100	96.9697	NA	100	100	100	NA	100	100	NA	86.66667	84.21053	87.5	50	83.78378	84.21053	100	96.9697	64.70588	69.23077
"234"	"NC_035091.1.43287550.43287550"	100	100	96.77419	87.5	NA	100	100	100	100	NA	66.66667	80.32787	68.42105	64.51613	23.80952	81.08108	NA	70.83333	NA	100
"235"	"NC_035091.1.43621765.43621765"	52.43902	41.83673	67.85714	52.28758	78.10945	56.77419	62.92135	71.875	76	35.96491	33.73494	37.9845	65.01706	36.07038	25.94937	23.11688	22.8739	32.97491	39.78495	36.14458
"236"	"NC_035091.1.45220300.45220300"	100	100	NA	100	100	NA	100	100	100	100	90.43478	75	85.91549	100	75	58.82353	52.94118	NA	100	45.45455
"237"	"NC_035091.1.46099022.46099022"	NA	100	NA	100	100	NA	100	100	NA	93.33333	86.04651	66.66667	85.88235	60.81081	64.86486	88.57143	NA	48.3871	76.19048	NA
"238"	"NC_035091.1.47204307.47204307"	28.57143	84.74576	75	30.76923	54.05405	NA	64	50	54.54545	40.74074	94.87179	80	91.48936	76.81159	82.14286	87.5	83.33333	68.75	78	87.09677
"239"	"NC_035091.1.54033848.54033848"	100	100	100	NA	100	100	100	100	NA	100	100	65	91.17647	88.70968	54.54545	65.625	87.23404	81.81818	98	28.57143
"240"	"NC_035091.1.57463814.57463814"	77.14286	62.0155	53.62319	70.90909	50	68.18182	73.40426	70.70707	40.54054	54.66667	47.93388	42.85714	50.13624	42.77108	55.12821	29.83425	46.0733	55.82822	43.20388	38.59649
"241"	"NC_035092.1.730284.730284"	100	100	100	100	NA	100	NA	NA	100	100	80.64516	69.23077	97.56098	65.71429	54.16667	82.75862	100	50	46.15385	NA
"242"	"NC_035092.1.2247175.2247175"	100	100	100	100	NA	NA	100	100	NA	100	64.70588	97.22222	88.0597	83.67347	70.73171	NA	36.36364	94.73684	100	NA
"243"	"NC_035092.1.6475028.6475028"	100	61.11111	60	61.11111	NA	95.45455	NA	NA	69.56522	NA	100	100	100	100	NA	96.55172	100	100	NA	100
"244"	"NC_035092.1.22036668.22036668"	NA	100	NA	83.33333	100	94.11765	100	92.85714	100	NA	63.63636	68.75	78.94737	82.14286	70	73.33333	NA	90	86.36364	78.125
"245"	"NC_035092.1.27111405.27111405"	NA	100	100	100	100	100	NA	NA	100	NA	77.77778	33.33333	100	NA	NA	NA	NA	83.33333	77.77778	NA
"246"	"NC_035092.1.48822060.48822060"	80.64516	57.14286	100	76.92308	NA	69.56522	74.4186	NA	69.23077	NA	100	100	100	98.91304	100	NA	100	100	100	NA
"247"	"NC_035092.1.51112031.51112031"	100	100	100	NA	100	NA	100	100	100	NA	72.22222	91.46341	82.29167	81.25	100	82.5	90.625	78.125	55.10204	NA
"248"	"NC_035092.1.54053495.54053495"	80	64.28571	NA	78.57143	NA	100	86.66667	90.2439	80	NA	53.125	70	41.66667	67.74194	36.36364	30.76923	63.15789	46.42857	52.38095	71.42857
"249"	"NC_035092.1.55579652.55579652"	100	NA	100	72.34043	NA	0	41.66667	NA	NA	NA	100	100	95.74468	100	100	100	100	100	100	100
"250"	"NC_035092.1.56936390.56936390"	100	100	100	100	100	100	100	61.11111	100	100	95.83333	84	96.2963	69.69697	27.27273	72.88136	81.81818	89.09091	70	100
"251"	"NC_035092.1.58395714.58395714"	100	100	100	NA	100	NA	100	NA	100	NA	NA	65.78947	88.88889	100	50	100	80.95238	64	NA	NA
"252"	"NC_035092.1.59551342.59551342"	NA	100	NA	100	NA	NA	100	100	100	NA	100	66.66667	86.95652	77.27273	70.58824	15.78947	94.59459	NA	50	45.65217
"253"	"NC_035092.1.60127330.60127330"	59.09091	83.78378	63.88889	75	50	75.75758	30.76923	79.16667	33.33333	66.66667	82.92683	93.61702	76.04167	90.36145	85.18519	88	79.59184	94.44444	90.90909	91.30435
"254"	"NC_035092.1.63475595.63475595"	2.857143	0	0	0	0.9708738	6.896552	0.729927	0	4.494382	10.34483	32.97872	13.72549	25.06329	8.333333	8.72093	8.974359	11.17318	18.75	35.9375	15.31532
"255"	"NC_035092.1.64574696.64574696"	100	100	NA	NA	100	NA	100	NA	100	NA	NA	NA	NA	NA	77.27273	52	72	100	88.88889	90.90909
"256"	"NC_035092.1.66158819.66158819"	93.07692	92.37288	88.65979	88.15789	87.61062	89.85507	85.71429	96.59091	88.46154	82.75862	84.81013	74.82517	84.04255	68.12227	69.00585	84.26966	79.82063	86.06061	82.6087	73.20574
"257"	"NC_035092.1.69239433.69239433"	100	100	90	NA	NA	100	100	100	87.5	100	73.33333	78.57143	68.29268	60	87.17949	16.66667	NA	68.42105	NA	71.42857
"258"	"NC_035093.1.9070355.9070355"	100	100	97.14286	94.59459	NA	100	100	100	NA	NA	95.71429	73.46939	82.10526	84.93151	73.33333	81.63265	71.05263	69.44444	63.41463	48.71795
"259"	"NC_035093.1.11304652.11304652"	100	NA	NA	NA	100	100	NA	100	NA	100	NA	78.57143	78.94737	NA	56.25	100	58.33333	82.35294	NA	NA
"260"	"NC_035093.1.14943340.14943340"	100	87.7551	NA	NA	57.89474	100	94.11765	77.77778	20	10	100	NA	100	100	100	100	100	100	100	100
"261"	"NC_035093.1.16445241.16445241"	NA	82.85714	NA	54.16667	NA	52.17391	81.81818	100	NA	NA	100	100	100	100	NA	100	100	100	93.33333	NA
"262"	"NC_035093.1.18190978.18190978"	33.87097	1.941748	7.246377	22.22222	11.11111	44.18605	50	42.85714	13.33333	8.333333	68.11594	67.64706	50	63.12057	68.29268	46.07843	84.31373	64.21053	59.09091	46.60194
"263"	"NC_035093.1.24799906.24799906"	100	86.36364	100	100	100	100	100	84.61538	100	NA	77.41935	85.71429	71.42857	84.21053	47.82609	71.05263	30	70.83333	45.71429	38.46154
"264"	"NC_035093.1.24799942.24799942"	100	100	97.4359	100	100	100	100	100	100	NA	80.64516	100	81.31868	100	100	92.10526	30	70.83333	51.42857	53.84615
"265"	"NC_035093.1.28068766.28068766"	100	97.5	100	81.81818	100	81.81818	50	15.38462	79.31034	100	100	85	97.72727	98.3871	100	100	100	100	100	100
"266"	"NC_035093.1.37560344.37560344"	90.90909	100	NA	37.5	NA	100	NA	57.89474	70	62.5	100	100	100	NA	100	100	100	100	100	100
"267"	"NC_035093.1.48163656.48163656"	100	NA	100	NA	100	100	NA	NA	100	NA	64	NA	85.71429	90.90909	88.37209	NA	NA	NA	56.25	100
"268"	"NC_035093.1.57932397.57932397"	NA	72.41379	26.66667	NA	NA	NA	69.23077	80	60	NA	100	93.33333	97.61905	100	NA	92.30769	100	100	100	NA
"269"	"NC_035093.1.64050868.64050868"	36.36364	44	NA	NA	100	NA	68.75	64.28571	NA	100	100	100	100	100	76	100	100	100	83.33333	100
"270"	"NC_035093.1.65469250.65469250"	75	58.33333	NA	NA	63.63636	NA	88.23529	83.33333	56.25	NA	100	100	92.85714	100	100	100	NA	100	100	100
"271"	"NC_035093.1.71548723.71548723"	77.77778	83.24022	95.65217	95.14563	83.56164	63.26531	92.10526	88.88889	77.92793	79.59184	99.15966	NA	NA	97.97297	98.13084	100	NA	NA	100	92.92035
"272"	"NC_035093.1.72763483.72763483"	NA	79.16667	61.11111	100	NA	25	58.82353	NA	59.09091	64.28571	100	100	82.56881	89.65517	NA	91.48936	100	100	100	100
"273"	"NC_035093.1.75629961.75629961"	35	16.66667	10	9.090909	NA	NA	25	NA	NA	30.76923	82.92683	NA	65.15152	95	80.76923	100	54.54545	80.4878	NA	NA
"274"	"NC_035093.1.75629964.75629964"	35	20.83333	10	9.090909	NA	NA	31.25	NA	NA	46.15385	82.92683	NA	100	95	100	100	68.18182	82.92683	NA	NA
"275"	"NC_035093.1.76046627.76046627"	100	97.84946	NA	83.33333	NA	66.66667	98.33333	100	NA	96.55172	28.94737	50	41.37931	91.66667	NA	NA	29.16667	NA	NA	8.333333
"276"	"NC_035094.1.10846983.10846983"	NA	66.66667	75	68.75	64.28571	85.71429	89.47368	83.33333	73.33333	10	100	100	100	100	85.71429	100	100	92.85714	NA	100
"277"	"NC_035094.1.12628664.12628664"	100	100	100	100	NA	NA	100	100	100	NA	59.09091	96.42857	72.13115	78.66667	65.21739	NA	NA	85.10638	84.21053	82.05128
"278"	"NC_035094.1.15875075.15875075"	100	100	94.11765	100	100	100	100	100	100	NA	89.70588	35	66.10169	92.72727	80.20833	60.34483	98.4127	97.36842	52.63158	NA
"279"	"NC_035094.1.19193174.19193174"	50	83.78378	90	91.66667	NA	NA	76.66667	70	79.41176	NA	100	100	100	100	100	NA	90.69767	94.73684	100	NA
"280"	"NC_035094.1.23196894.23196894"	100	100	100	100	100	100	100	100	95.45455	100	100	82.5	87.2093	84.78261	74.07407	87.27273	64.86486	86.95652	56.66667	64.15094
"281"	"NC_035094.1.31701601.31701601"	100	38.46154	NA	NA	NA	100	38.09524	52.94118	9.090909	NA	100	81.81818	90.32258	100	NA	100	100	80	100	100
"282"	"NC_035094.1.32409666.32409666"	100	100	NA	100	NA	NA	100	75	100	NA	NA	90.06623	73.91304	65	77.14286	NA	NA	NA	NA	77.41935
"283"	"NC_035094.1.34712740.34712740"	14.28571	50	28	35.29412	18.75	25.92593	44	37.93103	52.63158	26.31579	54.16667	72.41379	59.01639	69.84127	80.64516	60.34483	89.74359	47.72727	40	72.72727
"284"	"NC_035094.1.41326948.41326948"	100	100	NA	100	100	100	NA	100	100	NA	66.66667	NA	37.5	60	NA	79.41176	NA	94.44444	100	94.73684
"285"	"NC_035094.1.41733140.41733140"	25	57.69231	56.25	70	8.333333	54.16667	NA	23.07692	93.33333	90.47619	100	71.42857	92.13483	100	100	98.03922	87.5	82.75862	100	NA
"286"	"NC_035094.1.43581556.43581556"	100	NA	NA	NA	100	92.85714	100	100	NA	NA	95	51.28205	79.16667	NA	56.25	NA	NA	59.61538	NA	NA
"287"	"NC_035094.1.45687974.45687974"	100	88.34951	100	100	100	95.83333	97.77778	100	100	86.95652	81.39535	83.33333	73.78641	90.36145	84.09091	89.3617	61.95652	96.34146	82.45614	66.66667
"288"	"NC_035094.1.50952790.50952790"	80	60.13986	62.5	81.63265	NA	63.33333	62.5	NA	54.05405	88.57143	95.41284	86.82171	89.11565	83.33333	80.64516	85.26316	89.24731	84.21053	90.32258	85
"289"	"NC_035094.1.57491792.57491792"	86.48649	100	100	100	100	NA	95.2381	100	100	100	67.56757	53.125	65.16854	79.59184	60.97561	100	100	86.86869	84.78261	52.17391
"290"	"NC_035094.1.59888320.59888320"	72.22222	64.51613	94.59459	50	72.72727	73.52941	100	84	90	NA	95.08197	97.14286	96.49123	98.55072	100	100	93.84615	93.75	100	100
"291"	"NC_035095.1.4264959.4264959"	0	3.703704	NA	NA	NA	0	0	0	NA	NA	33.33333	15.78947	12.5	58.82353	13.7931	0	41.66667	57.14286	16.32653	36.36364
"292"	"NC_035095.1.15549765.15549765"	100	98.11321	100	100	100	100	100	NA	100	NA	84.21053	90.66667	94.15584	80	61.53846	100	88.13559	60.52632	42.85714	85.10638
"293"	"NC_035095.1.27438864.27438864"	56.71642	66.66667	59.67742	45	40.44944	53.62319	62	26.66667	40.25974	50	76.84211	72.87234	73.85159	70.04608	75.60976	69.67213	74.2268	67.85714	65.95745	85.71429
"294"	"NC_035095.1.34489774.34489774"	55.55556	45.83333	68.18182	75	69.69697	94.59459	79.59184	100	80	73.91304	53.01205	53.125	42.64706	15.09434	20	27.35043	60.29412	38.88889	23.68421	NA
"295"	"NC_035095.1.41481768.41481768"	63.11475	69.07631	49.6732	62.93103	48.19277	50.43478	50	73.75887	61.66667	68.93204	83.81503	76.79558	76.89769	77.70701	77.88462	81.95876	65.80311	74.88584	67.23164	69.5122
"296"	"NC_035095.1.43776029.43776029"	86.48649	77.95699	86	76.1194	88.88889	87.64045	71.30435	80	88.23529	71.25	96.66667	85.18519	89.30818	88.88889	91.9708	100	100	100	99.03846	98.88889
"297"	"NC_035095.1.45600737.45600737"	100	86.66667	NA	NA	100	NA	100	100	90.90909	NA	50	NA	84.375	57.14286	43.75	75	NA	70	70	50
"298"	"NC_035095.1.53574656.53574656"	91.30435	93.44262	82.05128	92.30769	91.66667	NA	90.19608	96.55172	98.11321	93.75	72.22222	66.66667	73.58491	71.42857	94.11765	63.33333	45.83333	78.57143	72.72727	71.42857
"299"	"NC_035096.1.249198.249198"	100	98.55072	NA	100	100	NA	87.09677	100	100	100	67.74194	97.14286	78.68852	68.85246	63.63636	88.88889	73.17073	89.15663	84.44444	58
"300"	"NC_035096.1.3996549.3996549"	55.76923	86.36364	NA	66.66667	71.875	NA	100	55	0	85.71429	100	100	100	90.32258	100	100	NA	NA	98.07692	100
"301"	"NC_035096.1.5548308.5548308"	82.35294	88.88889	100	100	92.85714	100	86.66667	64	86.36364	89.65517	47.82609	56.66667	75	38.09524	NA	49.27536	57.57576	77.46479	65.71429	NA
"302"	"NC_035096.1.10040672.10040672"	100	88.09524	59.25926	NA	23.07692	100	100	70.83333	67.5	NA	100	100	95.2381	100	100	100	100	100	100	100
"303"	"NC_035096.1.16715353.16715353"	56.25	13.63636	18.51852	90	0	40.90909	NA	NA	0	15.38462	NA	56.25	65.30612	100	NA	100	100	68.42105	NA	NA
"304"	"NC_035096.1.20291948.20291948"	100	100	95.83333	92.30769	NA	100	NA	100	100	NA	80.95238	95.65217	70.27027	85.9375	4.545455	70.83333	100	74.02597	100	95.52239
"305"	"NC_035096.1.20707672.20707672"	100	100	100	100	100	100	96.9697	100	100	100	100	100	89.16667	75	26.92308	65.78947	54.16667	98.61111	69.64286	NA
"306"	"NC_035096.1.21952550.21952550"	81.39535	61.90476	65.16854	56.92308	53.84615	65.95745	47.95918	53.96825	50	50.79365	86.60714	73.21429	69.18239	89	85.71429	65.30612	71.26437	66.66667	83.33333	84.93151
"307"	"NC_035096.1.33749832.33749832"	100	100	100	100	100	NA	100	NA	100	100	96.55172	78.94737	84	81.81818	53.84615	68	100	100	42.10526	100
"308"	"NC_035097.1.9036245.9036245"	69.81132	72.22222	85	10.52632	NA	100	NA	100	100	97.56098	100	100	91.01124	100	100	100	100	100	NA	100
"309"	"NC_035097.1.9330898.9330898"	100	88.88889	NA	100	100	91.66667	100	NA	94.73684	NA	78.26087	66.66667	67.56757	72	87.5	NA	68.18182	64.70588	69.56522	81.81818
"310"	"NC_035097.1.13866157.13866157"	66.66667	44	54.54545	NA	70	69.23077	90	50	83.33333	NA	12.5	36.36364	31.57895	24.32432	5.263158	12	22.85714	30.55556	62.06897	25.71429
"311"	"NC_035097.1.14819147.14819147"	86.76471	88.28125	84.61538	88.23529	62.06897	90.43478	90.90909	48.11321	67	80	60.43956	36.15819	34.10853	54.16667	69.02655	35.08772	46.875	NA	44.44444	46.72897
"312"	"NC_035097.1.16821773.16821773"	42.85714	64.70588	80	100	NA	NA	NA	NA	71.875	NA	100	96.42857	100	90.32258	100	100	100	100	100	NA
"313"	"NC_035097.1.25971735.25971735"	NA	100	50	NA	78.94737	55.55556	46.66667	NA	NA	NA	100	100	95.17241	100	NA	100	100	100	NA	100
"314"	"NC_035097.1.27371915.27371915"	100	52.38095	NA	NA	NA	94.73684	47.22222	42.10526	100	NA	NA	100	NA	100	100	NA	100	NA	95.65217	100
"315"	"NC_035097.1.27460754.27460754"	100	NA	NA	NA	100	100	NA	100	96.42857	100	83.33333	90.19608	81.25	73.91304	NA	100	85	80	NA	61.11111
"316"	"NC_035097.1.43283039.43283039"	37.2549	70.45455	85.71429	66.66667	82.35294	40.90909	80	38.46154	71.92982	38.46154	90.47619	86.79245	96.8	100	95.65217	100	96.15385	83.63636	90.90909	87.7551
"317"	"NC_035097.1.44837913.44837913"	NA	79.16667	56.25	NA	NA	62.5	71.42857	78.125	NA	90.47619	96.92308	NA	NA	97.2973	100	NA	95.2381	95.45455	100	100
"318"	"NC_035097.1.50215971.50215971"	100	NA	100	100	100	100	NA	NA	NA	100	66.66667	NA	76.19048	100	67.56757	NA	NA	69.23077	NA	NA
"319"	"NC_035098.1.11879776.11879776"	96.61017	98.93617	98.92473	95.91837	95.74468	100	93.54839	98.83721	97.82609	93.20388	94.88055	80.13699	85.02024	89.01408	84.12698	53.80711	83.13953	93.82239	67.19577	96.77419
"320"	"NC_035098.1.14406233.14406233"	100	100	NA	100	100	100	100	100	90.90909	NA	78.26087	86.2069	73.9726	87.17949	65.21739	NA	87.5	83.33333	14.28571	83.33333
"321"	"NC_035098.1.14437702.14437702"	97.14286	78.57143	NA	75	83.33333	62.7907	94.87179	100	90.47619	100	58.92857	66.66667	69.66292	41.25	71.42857	47.22222	25.39683	22	26.66667	27.77778
"322"	"NC_035098.1.21721345.21721345"	100	100	100	100	NA	100	NA	NA	100	NA	100	84	67.85714	NA	53.84615	88.63636	80	73.91304	64.28571	100
"323"	"NC_035098.1.24464683.24464683"	100	NA	100	100	100	100	100	100	100	100	100	70	45.2381	95.65217	86.36364	76.92308	NA	81.81818	84.61538	36.36364
"324"	"NC_035098.1.27297962.27297962"	100	100	NA	NA	NA	NA	100	100	100	100	70.21277	68.18182	72.85714	64	88	100	6.25	70.27027	100	83.87097
"325"	"NC_035098.1.32560274.32560274"	93.10345	NA	NA	NA	100	100	100	100	NA	100	100	84.84848	81.94444	95.83333	78.94737	40	65.71429	71.42857	NA	NA
"326"	"NC_035098.1.32884923.32884923"	71.875	83.33333	NA	60	NA	74.35897	NA	100	73.91304	NA	100	NA	95.45455	100	100	100	100	100	NA	100
"327"	"NC_035098.1.35127729.35127729"	NA	100	100	100	97.2973	100	NA	NA	97.82609	100	78.65169	85.9375	91.08911	44.0678	84.48276	82.35294	75.32468	89.70588	98.71795	NA
"328"	"NC_035098.1.35369513.35369513"	100	96.9697	100	NA	NA	100	100	NA	NA	NA	67.85714	90.2439	100	77.5	100	94.11765	57.14286	68	58.82353	NA
"329"	"NC_035098.1.40095308.40095308"	100	98.7013	81.48148	100	21.42857	87.5	94.59459	93.54839	50	NA	NA	100	100	100	100	95.2381	100	92.10526	100	100
"330"	"NC_035098.1.40581810.40581810"	100	100	100	100	100	100	100	100	86.27451	NA	86.04651	81.13208	78.82353	87.7551	70.90909	80.88235	88.37209	77.06422	70.90909	87.69231
"331"	"NC_035098.1.43596582.43596582"	100	96.07843	NA	97.5	NA	85.18519	88.37209	NA	100	NA	50	40.625	55.84416	64.51613	78.94737	73.68421	82.75862	25	65.625	75.38462
"332"	"NC_035098.1.44476480.44476480"	100	100	100	95.45455	NA	91.66667	100	100	97.2973	96.55172	77.08333	86.11111	84.28571	84.41558	75.34247	72.72727	89.0411	86.44068	81.25	82.5
"333"	"NC_035098.1.46832714.46832714"	61.53846	100	93.02326	82.25806	NA	29.41176	NA	46.875	71.875	100	NA	95.73171	91.83673	100	100	100	100	NA	100	100
"334"	"NC_035099.1.2183333.2183333"	98	97.14286	92.5	89.47368	100	98.4127	100	100	100	98	56.83453	90.19608	93.04348	69.73684	91.5493	84	79.45205	63.63636	95.0495	64.16667
"335"	"NC_035099.1.3806378.3806378"	69.44444	66.03774	75	100	100	NA	66.66667	NA	33.33333	NA	100	100	100	100	84.48276	100	NA	100	100	100
"336"	"NC_035099.1.9867618.9867618"	80.95238	NA	NA	NA	NA	38.88889	80.76923	100	100	16.66667	100	100	100	87.09677	100	100	100	NA	100	100
"337"	"NC_035099.1.12639811.12639811"	13.43284	22.95597	28.84615	28.91566	34.375	14.85714	16.83673	31.65468	22.08589	28.7037	59.13978	45.13889	65.95174	69.0678	79.02439	72.103	60	39.89637	25.87859	46.05263
"338"	"NC_035099.1.15304002.15304002"	NA	94.50549	89.47368	NA	NA	84.61538	NA	100	NA	100	79.62963	60.86957	58.82353	70.83333	42.55319	NA	52.94118	51.06383	36.11111	NA
"339"	"NC_035099.1.17976740.17976740"	94.73684	100	NA	100	100	100	100	NA	100	NA	85.71429	71.42857	78.4	79.54545	NA	83.33333	0	59.61538	100	NA
"340"	"NC_035099.1.37180071.37180071"	73.07692	63.15789	NA	65.625	65.85366	84.375	56.25	62.5	76.31579	76.59574	88	87.7551	86.84211	84.41558	93.33333	88.57143	90.19608	80	75	76
"341"	"NC_035099.1.37955787.37955787"	NA	NA	100	NA	NA	NA	100	100	100	100	58.62069	47.16981	91.37931	57.14286	100	26.66667	90	72.54902	100	100
"342"	"NC_035099.1.42701481.42701481"	100	84.375	86.36364	89.87342	90.47619	100	93.18182	100	100	96.49123	68.88889	78.94737	84.7561	85.88235	73.68421	69.11765	70.58824	81.01266	93.90244	63.63636
"343"	"NC_035099.1.42768418.42768418"	71.42857	31.91489	65.51724	73.07692	21.05263	77.01149	43.54839	40	81.25	75	84	96	86.13139	72.60274	98.46154	87.03704	95.45455	100	96.66667	100
"344"	"NC_035099.1.44562578.44562578"	41.66667	60	NA	66.66667	NA	NA	78.57143	66.66667	NA	NA	100	94.11765	100	97.5	92.68293	100	NA	100	100	82.6087
"345"	"NC_035100.1.6225590.6225590"	43.47826	51.66667	48.14815	50	88.23529	58.82353	87.80488	72.72727	72.22222	NA	14.70588	32	33.33333	29.78723	53.57143	35.41667	34.78261	34.21053	55.55556	21.42857
"346"	"NC_035100.1.11932039.11932039"	96.875	88	92.30769	95	100	NA	95	91.30435	93.61702	96.36364	87.93103	86	84	63.63636	65.71429	86.4	85.18519	89.13043	54.16667	70.76923
"347"	"NC_035100.1.16398197.16398197"	100	NA	100	100	95.2381	100	NA	100	100	100	NA	32.6087	89.85507	80.43478	75.75758	84.78261	NA	71.92982	54.54545	100
"348"	"NC_035101.1.752439.752439"	100	100	100	100	NA	97.22222	NA	NA	100	NA	69.09091	96.875	80.76923	75.70093	62.26415	78.84615	87.27273	57.44681	68.18182	97.61905
"349"	"NC_035101.1.11631460.11631460"	68.18182	3.225806	NA	73.33333	57.14286	100	100	76	61.11111	NA	77.77778	100	100	100	100	100	100	100	100	100
"350"	"NC_035101.1.25373589.25373589"	68.18182	78.57143	81.48148	2.222222	NA	NA	4.166667	NA	100	91.66667	100	NA	93.33333	96.77419	100	NA	100	100	100	100
"351"	"NC_035101.1.26053393.26053393"	84.09091	85.71429	93.61702	98.11321	96.77419	84.09091	92.38095	100	90.29126	94.44444	79.69925	87.85714	86.97479	70.52632	78.37838	60.41667	79.71014	84.68468	75	86.53846
"352"	"NC_035101.1.28593785.28593785"	73.46939	80	80	85	100	96.77419	93.10345	91.17647	87.23404	NA	25.71429	53.19149	74.13793	36.66667	77.41935	51.42857	27.27273	55.55556	52.94118	81.81818
"353"	"NC_035101.1.30394051.30394051"	76.19048	68.18182	80.4878	85.71429	95	76.47059	80.4878	48.78049	87.69231	85.71429	97.67442	92.85714	90.2439	100	88.46154	98.79518	96.8254	93.47826	90.625	98.36066
"354"	"NC_035101.1.39588674.39588674"	NA	62.83784	NA	NA	NA	10.81081	52.63158	NA	58.33333	18.18182	100	NA	NA	82.19178	79.06977	NA	90	100	96	100
"355"	"NC_035101.1.40273027.40273027"	100	95.83333	NA	100	100	100	100	100	83.33333	NA	70.58824	76	60	77.77778	80.95238	NA	NA	83.33333	57.14286	NA
"356"	"NC_035101.1.40544967.40544967"	92.85714	82.85714	83.33333	100	100	100	100	100	100	NA	85.59322	86.66667	72.41379	76.08696	91.30435	81.57895	80	60.65574	64.86486	72.72727
"357"	"NC_035101.1.44666819.44666819"	85.2459	72.72727	69.09091	66.66667	53.33333	61.97183	67.22689	81.53846	74.10714	85.07463	89.89899	95.29412	84.98168	93.88889	81.33333	89.0411	85.71429	84.17722	90.54054	85.48387
"358"	"NC_035101.1.47225584.47225584"	NA	80	88.46154	73.33333	NA	NA	NA	96.42857	NA	54.54545	100	100	100	92.30769	NA	100	NA	NA	NA	100
"359"	"NC_035101.1.49612961.49612961"	52.45902	16.30435	38.88889	35.29412	43.18182	73.33333	56.25	58	21.62162	45.45455	69.73684	89.79592	92.76316	90.14085	88.15789	67.92453	78.78788	72.82609	68	84.33735
"360"	"NC_035101.1.56231739.56231739"	100	86.95652	100	73.52941	90.625	100	100	86.15385	83.87097	97.72727	84.05797	59.45946	68.57143	59.09091	66.17647	83.07692	70.45455	56.25	76.47059	70.14925
"361"	"NC_035101.1.56666151.56666151"	100	100	NA	57.14286	100	100	100	100	100	100	63.93443	54.16667	97.67442	100	72.34043	100	80	42.85714	77.27273	81.25
"362"	"NC_035101.1.63700340.63700340"	NA	100	100	100	NA	100	100	100	100	95	100	75.75758	94.02985	52.38095	65.38462	72	67.85714	100	86.66667	76.92308
"363"	"NC_035101.1.66516910.66516910"	87.7551	88.04348	89	79.86111	81.37255	85.89744	85.39326	82.6087	84.53608	70.21277	48.68421	78.20513	77.11268	69.01408	65.24823	55.17241	77.20588	47.01493	51.77305	73.85621
"364"	"NC_035101.1.72703131.72703131"	61.11111	77.89474	91.46341	76.5625	92.30769	89.13043	83.69565	55.88235	94.28571	85.36585	97.95918	92.85714	93.02326	98.01325	80.27211	98.36066	95.77465	89.88095	97.03704	97.1831
"365"	"NC_035101.1.73734374.73734374"	46.15385	36.84211	NA	36.36364	NA	NA	31.57895	48.3871	NA	45.16129	68.42105	65	64.10256	100	70.83333	76.47059	72.22222	72.72727	94.73684	65.21739
"366"	"NC_035101.1.74181542.74181542"	100	89.13043	100	100	100	100	100	98.07692	100	NA	70.90909	60.86957	62.4	89.18919	60	78.68852	88.0597	85.05747	100	NA
"367"	"NC_035101.1.82308258.82308258"	100	NA	100	100	100	100	NA	100	NA	NA	86.79245	87.09677	86.40777	61.53846	NA	NA	61.53846	NA	76.27119	62.5
"368"	"NC_035102.1.8416194.8416194"	100	100	NA	NA	100	NA	NA	100	97.2973	100	83.67347	100	82.45614	NA	98	95.2381	92.68293	38.88889	88.46154	64.28571
"369"	"NC_035102.1.8446689.8446689"	NA	96.55172	NA	94.44444	NA	100	NA	100	92.30769	100	81.81818	68.42105	65.71429	80.76923	90	53.84615	50	54.16667	75	68.18182
"370"	"NC_035102.1.9599361.9599361"	47.45763	0	0	96.55172	45.61404	0	0	15.21739	0	0	0	1.086957	0	0	0	0	0	0	0	0
"371"	"NC_035102.1.14636629.14636629"	82.75862	77.21519	77.77778	55.26316	100	65.95745	61.29032	73.86364	57.14286	64.81481	96.875	100	96.79144	97.22222	91.17647	97.67442	100	79.48718	78.37838	88.57143
"372"	"NC_035102.1.19289371.19289371"	75	69.23077	81.72043	83.33333	66.66667	68.75	70.73171	62.85714	82.14286	58.82353	85.88235	80	92.8	85.29412	96.49123	91.34615	84.94624	92.12121	100	73.33333
"373"	"NC_035102.1.21421619.21421619"	36.36364	100	40	NA	NA	NA	40.90909	100	75	NA	100	97.22222	68.75	100	100	100	100	100	90.38462	100
"374"	"NC_035102.1.24520247.24520247"	100	100	65.78947	100	100	100	100	100	NA	100	80.55556	100	88.23529	63.46154	50	48.48485	95.16129	100	NA	68
"375"	"NC_035103.1.9580250.9580250"	100	100	100	100	100	100	100	100	100	100	57.62712	81.57895	82.08955	81.81818	37.5	88.88889	100	69.84127	74.4186	88.88889
"376"	"NC_035103.1.16943781.16943781"	100	100	100	72.72727	100	100	100	98	100	100	86.79245	64.40678	80.45977	64.19753	85.71429	64.0625	73.33333	95.28302	83.78378	NA
"377"	"NC_035103.1.19348589.19348589"	22.22222	23.80952	NA	14.58333	21.42857	17.64706	39.53488	NA	59.52381	29.03226	0	10	3.571429	0	7.843137	0	0	0	0	0
"378"	"NC_035103.1.43167709.43167709"	92.5	NA	NA	NA	41.93548	NA	83.72093	96.2963	NA	62.5	NA	0	0	63.63636	NA	10.22727	0	0	40	NA
"379"	"NC_035103.1.44139451.44139451"	66.66667	81.81818	58.33333	65	71.42857	68.88889	55.17241	76.92308	88	30.76923	91.30435	92.30769	89.3617	93.33333	95	86.88525	93.54839	92.72727	93.75	80
"380"	"NC_035103.1.45145467.45145467"	NA	44.44444	NA	100	100	44.44444	79.16667	NA	NA	NA	93.75	NA	100	100	100	NA	92.30769	100	NA	100
"381"	"NC_035104.1.140265.140265"	NA	100	100	100	100	NA	100	NA	100	100	79.10448	68.42105	69.33333	100	100	100	78.26087	73.33333	83.01887	72.5
"382"	"NC_035104.1.3025405.3025405"	100	100	NA	100	100	NA	NA	100	100	93.33333	56.66667	27.27273	67.79661	NA	100	62.06897	57.69231	90.90909	100	94.23077
"383"	"NC_035104.1.3463295.3463295"	94	96.9697	100	NA	100	76.92308	92.98246	96.9697	85.71429	100	80.64516	87.5	80.51948	75.71429	61.53846	72.22222	NA	65.90909	94.11765	57.14286
"384"	"NC_035104.1.4960773.4960773"	62.85714	61.36364	100	38.46154	55.55556	42.85714	NA	NA	57.89474	53.84615	100	100	100	100	100	80	100	100	NA	100
"385"	"NC_035104.1.5564090.5564090"	100	100	NA	100	NA	NA	100	NA	100	100	78.57143	NA	76.92308	NA	80	100	68.18182	100	60	40
"386"	"NC_035104.1.7963415.7963415"	NA	46.15385	NA	41.66667	100	NA	72.72727	35	NA	NA	100	100	100	100	100	96.77419	NA	88.63636	100	NA
"387"	"NC_035104.1.9328264.9328264"	64.40678	65.82278	82.66667	67.1875	84.12698	65.90909	71.26437	44.44444	71.66667	84.09091	85.84906	85.71429	98.75	98.18182	100	90.83969	98.94737	100	100	96.55172
"388"	"NC_035104.1.10203302.10203302"	93.75	100	100	NA	100	100	100	NA	NA	NA	48.93617	82.22222	60.71429	95	37.03704	85.71429	100	68.75	NA	50
"389"	"NC_035104.1.10635553.10635553"	100	98.4375	100	100	87.5	94.44444	100	90	100	100	90.27778	51.72414	77.31959	90.66667	92.20779	86.79245	80.43478	84.74576	84.21053	80.43478
"390"	"NC_035104.1.12516926.12516926"	NA	95.45455	83.33333	60	NA	95.45455	71.42857	NA	NA	50	NA	100	100	88.88889	100	100	NA	100	NA	100
"391"	"NC_035104.1.15266284.15266284"	100	85.71429	57.89474	75	NA	100	100	92.85714	93.18182	NA	66.66667	63.33333	66.07143	76	45.3125	40.90909	47.5	60	70.27027	44.11765
"392"	"NC_035104.1.15266305.15266305"	100	100	100	100	NA	100	100	92.85714	81.81818	NA	83.33333	80	76.78571	82	73.4375	72.72727	72.5	53.33333	77.02703	44.11765
"393"	"NC_035104.1.20211855.20211855"	87.80488	73.46939	65.38462	NA	51.72414	NA	27.27273	46.15385	100	100	100	100	97.4359	NA	98	NA	100	100	100	100
"394"	"NC_035104.1.20809908.20809908"	100	100	94.44444	100	98.14815	100	88.88889	96.77419	100	100	73.52941	83.09859	96.8	72.63158	84.31373	76.78571	68.85246	85.9375	94.91525	70.83333
"395"	"NC_035104.1.21865876.21865876"	NA	0	0	2.380952	0	0	0	0	0	0	0	0	0	100	37.2549	53.33333	0	2.040816	0	50
"396"	"NC_035104.1.32951814.32951814"	55.35714	54.83871	65.30612	47.16981	42.85714	51.92308	60.71429	28.20513	40	80.95238	7.619048	16.83168	13.29114	31.34328	26.0274	32.40741	19.71831	38.0597	21.56863	24.07407
"397"	"NC_035105.1.121211.121211"	NA	57.14286	33.33333	100	NA	50	NA	63.63636	88.23529	NA	NA	100	100	65.21739	NA	100	100	100	NA	100
"398"	"NC_035105.1.476937.476937"	82.75862	52.38095	NA	NA	100	36.84211	NA	41.66667	75	NA	100	100	NA	100	93.33333	100	100	81.81818	NA	100
"399"	"NC_035105.1.3581743.3581743"	80	71.73913	58	NA	60.86957	100	75.70093	68.75	87.05882	54.16667	100	90.625	100	100	100	93.87755	100	100	100	100
"400"	"NC_035105.1.4260462.4260462"	100	100	100	100	100	100	100	100	100	NA	35.71429	100	84.375	71.11111	100	78.125	100	83.33333	100	20
"401"	"NC_035105.1.5686419.5686419"	100	97.56098	100	100	NA	100	100	100	100	95.34884	91.37931	82.45614	57.69231	NA	NA	69.69697	16.66667	75	NA	73.68421
"402"	"NC_035105.1.7723880.7723880"	100	100	NA	100	100	NA	100	NA	100	100	33.33333	76.19048	95.09804	100	52.38095	100	96.42857	93.33333	41.66667	81.57895
"403"	"NC_035105.1.11314906.11314906"	100	NA	100	100	NA	100	100	100	NA	NA	85.71429	80	80.4878	82.05128	90.47619	48.14815	66.66667	90.74074	89.28571	71.11111
"404"	"NC_035105.1.14829943.14829943"	NA	100	NA	NA	100	100	91.66667	NA	100	100	58.82353	83.33333	85.41667	69.56522	90	93.33333	62.5	NA	71.42857	62.5
"405"	"NC_035105.1.28203365.28203365"	68.88889	68.37607	77.77778	63.26531	59.79381	67.64706	75.60976	54.38596	63.49206	80.43478	76.92308	81.17647	82.14286	76.76768	81.16883	87.96296	90.16393	77.27273	89.0411	86.80556
"406"	"NC_035105.1.29594313.29594313"	NA	26.76056	NA	5.555556	0	60	0	0	0	NA	91.89189	100	100	57.89474	57.14286	5	62.5	58.82353	72.72727	42.10526
"407"	"NC_035105.1.41690016.41690016"	77.77778	82.5	75	78.57143	80	83.33333	73.68421	85.96491	86.11111	NA	97.36842	100	96.7033	94.73684	79.16667	100	100	100	95.45455	93.90244
"408"	"NW_018548064.1.8795.8795"	100	100	NA	NA	NA	100	100	100	NA	100	NA	67.74194	61.76471	100	NA	80	61.76471	100	65.21739	100
"409"	"NW_018550147.1.6759.6759"	95	91.30435	96.875	NA	NA	74.07407	94.11765	86.66667	96.36364	85.48387	74.12587	80.35714	79.12458	74.87179	76.92308	77.41935	76.82927	75.34247	80	82.6087
"410"	"NW_018550663.1.32356.32356"	100	100	100	NA	NA	100	NA	100	100	100	100	75	83.33333	41.66667	62.5	74.19355	77.77778	100	95.83333	87.09677
"411"	"NW_018561249.1.78520.78520"	100	93.9759	93.54839	81.81818	94.87179	100	100	97.05882	96.875	92.30769	81.69014	82.69231	74.57627	83.50515	85.71429	83.50515	86.27451	83.33333	72.22222	90.625
"412"	"NW_018583748.1.11169.11169"	96	83.7037	100	100	73.61111	100	100	100	88.67925	82.14286	69.44444	77.06422	65.84158	77.77778	78.26087	68.85246	70.37037	69.84127	63.33333	81.57895
"413"	"NW_018612129.1.26088.26088"	84.375	63.7931	NA	86.66667	84.375	61.53846	64	45.45455	84	75.86207	100	NA	90.90909	100	100	100	100	78.57143	100	100
